MEME version 4.4

ALPHABET= ACGT

strands: + -

Background letter frequencies (from file `../../promoter_background/Sbi.bg'):
A 0.27030 C 0.22970 G 0.22970 T 0.27030 

MOTIF Sobic.010G215700 MP00090

letter-probability matrix: alength= 4 w= 16 nsites= 30 E= 0
  0.366667	  0.033333	  0.133333	  0.466667	
  0.366667	  0.000000	  0.200000	  0.433333	
  0.300000	  0.133333	  0.200000	  0.366667	
  0.333333	  0.033333	  0.133333	  0.500000	
  0.333333	  0.200000	  0.133333	  0.333333	
  0.100000	  0.333333	  0.066667	  0.500000	
  0.000000	  0.000000	  1.000000	  0.000000	
  0.000000	  0.000000	  0.000000	  1.000000	
  1.000000	  0.000000	  0.000000	  0.000000	
  0.000000	  1.000000	  0.000000	  0.000000	
  0.200000	  0.400000	  0.033333	  0.366667	
  0.333333	  0.233333	  0.000000	  0.433333	
  0.166667	  0.266667	  0.033333	  0.533333	
  0.433333	  0.166667	  0.000000	  0.400000	
  0.333333	  0.100000	  0.000000	  0.566667	
  0.366667	  0.200000	  0.000000	  0.433333	

URL http://planttfdb.cbi.pku.edu.cn/tf.php?sp=Sbi&did=Sobic.010G215700.1.p#bind_motif

